480.00	0.0035
480.10	0.0036
480.20	0.0037
480.30	0.0038
480.40	0.0039
480.50	0.0040
480.60	0.0041
480.70	0.0043
480.80	0.0044
480.90	0.0045
481.00	0.0046
481.10	0.0048
481.20	0.0049
481.30	0.0050
481.40	0.0052
481.50	0.0053
481.60	0.0055
481.70	0.0056
481.80	0.0058
481.90	0.0060
482.00	0.0062
482.10	0.0064
482.20	0.0066
482.30	0.0068
482.40	0.0070
482.50	0.0072
482.60	0.0074
482.70	0.0077
482.80	0.0079
482.90	0.0082
483.00	0.0085
483.10	0.0088
483.20	0.0091
483.30	0.0094
483.40	0.0097
483.50	0.0100
483.60	0.0104
483.70	0.0107
483.80	0.0111
483.90	0.0115
484.00	0.0119
484.10	0.0124
484.20	0.0128
484.30	0.0133
484.40	0.0138
484.50	0.0143
484.60	0.0149
484.70	0.0154
484.80	0.0160
484.90	0.0167
485.00	0.0173
485.10	0.0180
485.20	0.0188
485.30	0.0195
485.40	0.0203
485.50	0.0212
485.60	0.0220
485.70	0.0230
485.80	0.0240
485.90	0.0250
486.00	0.0261
486.10	0.0272
486.20	0.0284
486.30	0.0297
486.40	0.0311
486.50	0.0325
486.60	0.0340
486.70	0.0356
486.80	0.0372
486.90	0.0390
487.00	0.0409
487.10	0.0429
487.20	0.0450
487.30	0.0472
487.40	0.0496
487.50	0.0521
487.60	0.0548
487.70	0.0576
487.80	0.0606
487.90	0.0638
488.00	0.0672
488.10	0.0709
488.20	0.0748
488.30	0.0789
488.40	0.0833
488.50	0.0881
488.60	0.0931
488.70	0.0985
488.80	0.1043
488.90	0.1105
489.00	0.1172
489.10	0.1243
489.20	0.1320
489.30	0.1403
489.40	0.1492
489.50	0.1587
489.60	0.1691
489.70	0.1802
489.80	0.1922
489.90	0.2052
490.00	0.2193
490.10	0.2346
490.20	0.2512
490.30	0.2691
490.40	0.2887
490.50	0.3100
490.60	0.3331
490.70	0.3584
490.80	0.3860
490.90	0.4162
491.00	0.4493
491.10	0.4855
491.20	0.5253
491.30	0.5690
491.40	0.6171
491.50	0.6701
491.60	0.7286
491.70	0.7933
491.80	0.8648
491.90	0.9441
492.00	1.0320
492.10	1.1298
492.20	1.2385
492.30	1.3596
492.40	1.4947
492.50	1.6456
492.60	1.8142
492.70	2.0029
492.80	2.2141
492.90	2.4507
493.00	2.7159
493.10	3.0130
493.20	3.3460
493.30	3.7189
493.40	4.1361
493.50	4.6022
493.60	5.1221
493.70	5.7004
493.80	6.3419
493.90	7.0513
494.00	7.8324
494.10	8.6887
494.20	9.6227
494.30	10.6360
494.40	11.7286
494.50	12.8994
494.60	14.1455
494.70	15.4627
494.80	16.8455
494.90	18.2871
495.00	19.7798
495.10	21.3158
495.20	22.8870
495.30	24.4856
495.40	26.1048
495.50	27.7386
495.60	29.3821
495.70	31.0314
495.80	32.6835
495.90	34.3362
496.00	35.9878
496.10	37.6367
496.20	39.2820
496.30	40.9226
496.40	42.5581
496.50	44.1882
496.60	45.8130
496.70	47.4326
496.80	49.0474
496.90	50.6577
497.00	52.2636
497.10	53.8652
497.20	55.4624
497.30	57.0548
497.40	58.6423
497.50	60.2245
497.60	61.8010
497.70	63.3715
497.80	64.9354
497.90	66.4920
498.00	68.0404
498.10	69.5796
498.20	71.1085
498.30	72.6257
498.40	74.1298
498.50	75.6190
498.60	77.0916
498.70	78.5453
498.80	79.9776
498.90	81.3856
499.00	82.7659
499.10	84.1148
499.20	85.4280
499.30	86.7006
499.40	87.9274
499.50	89.1021
499.60	90.2185
499.70	91.2695
499.80	92.2478
499.90	93.1458
500.00	93.9562
500.10	94.6718
500.20	95.2860
500.30	95.7930
500.40	96.1881
500.50	96.4679
500.60	96.6304
500.70	96.6747
500.80	96.6014
500.90	96.4124
501.00	96.1106
501.10	95.7002
501.20	95.1860
501.30	94.5741
501.40	93.8707
501.50	93.0829
501.60	92.2177
501.70	91.2820
501.80	90.2824
501.90	89.2252
502.00	88.1159
502.10	86.9594
502.20	85.7602
502.30	84.5223
502.40	83.2495
502.50	81.9453
502.60	80.6129
502.70	79.2554
502.80	77.8755
502.90	76.4757
503.00	75.0580
503.10	73.6242
503.20	72.1757
503.30	70.7137
503.40	69.2394
503.50	67.7538
503.60	66.2580
503.70	64.7528
503.80	63.2392
503.90	61.7178
504.00	60.1893
504.10	58.6540
504.20	57.1123
504.30	55.5645
504.40	54.0106
504.50	52.4509
504.60	50.8854
504.70	49.3141
504.80	47.7370
504.90	46.1542
505.00	44.5655
505.10	42.9710
505.20	41.3708
505.30	39.7652
505.40	38.1545
505.50	36.5395
505.60	34.9212
505.70	33.3009
505.80	31.6806
505.90	30.0627
506.00	28.4503
506.10	26.8471
506.20	25.2577
506.30	23.6872
506.40	22.1416
506.50	20.6273
506.60	19.1513
506.70	17.7206
506.80	16.3423
506.90	15.0227
507.00	13.7679
507.10	12.5825
507.20	11.4702
507.30	10.4332
507.40	9.4723
507.50	8.5869
507.60	7.7753
507.70	7.0347
507.80	6.3617
507.90	5.7521
508.00	5.2014
508.10	4.7051
508.20	4.2586
508.30	3.8572
508.40	3.4968
508.50	3.1732
508.60	2.8828
508.70	2.6221
508.80	2.3879
508.90	2.1775
509.00	1.9882
509.10	1.8178
509.20	1.6642
509.30	1.5257
509.40	1.4006
509.50	1.2874
509.60	1.1850
509.70	1.0921
509.80	1.0078
509.90	0.9312
510.00	0.8614
510.10	0.7979
510.20	0.7399
510.30	0.6869
510.40	0.6384
510.50	0.5941
510.60	0.5534
510.70	0.5160
510.80	0.4816
510.90	0.4500
511.00	0.4209
511.10	0.3940
511.20	0.3692
511.30	0.3463
511.40	0.3251
511.50	0.3055
511.60	0.2873
511.70	0.2704
511.80	0.2547
511.90	0.2401
512.00	0.2265
512.10	0.2138
512.20	0.2020
512.30	0.1910
512.40	0.1807
512.50	0.1711
512.60	0.1621
512.70	0.1537
512.80	0.1458
512.90	0.1385
513.00	0.1315
513.10	0.1250
513.20	0.1189
513.30	0.1131
513.40	0.1077
513.50	0.1026
513.60	0.0978
513.70	0.0933
513.80	0.0890
513.90	0.0850
514.00	0.0812
514.10	0.0776
514.20	0.0742
514.30	0.0710
514.40	0.0679
514.50	0.0650
514.60	0.0623
514.70	0.0597
514.80	0.0572
514.90	0.0549
515.00	0.0527
515.10	0.0505
515.20	0.0485
515.30	0.0466
515.40	0.0448
515.50	0.0431
515.60	0.0415
515.70	0.0399
515.80	0.0384
515.90	0.0370
516.00	0.0356
516.10	0.0343
516.20	0.0331
516.30	0.0319
516.40	0.0308
516.50	0.0297
516.60	0.0287
516.70	0.0277
516.80	0.0267
516.90	0.0258
517.00	0.0250
517.10	0.0241
517.20	0.0234
517.30	0.0226
517.40	0.0219
517.50	0.0212
517.60	0.0205
517.70	0.0199
517.80	0.0192
517.90	0.0186
518.00	0.0181
518.10	0.0175
518.20	0.0170
518.30	0.0165
518.40	0.0160
518.50	0.0155
518.60	0.0151
518.70	0.0147
518.80	0.0142
518.90	0.0138
519.00	0.0134
519.10	0.0131
519.20	0.0127
519.30	0.0124
519.40	0.0120
519.50	0.0117
519.60	0.0114
519.70	0.0111
519.80	0.0108
519.90	0.0105
520.00	0.0102
